OMGINEVERUSETHISWHATDOFC
help(cmdscale)
[ 0.90537292  0.82364145  0.30482472  0.3226667   0.09803922  0.        ]]
a = [[ 0.          0.13059471  0.69422842  0.58809149  0.82051737  0.90537292]
[ 0.13059471  0.          0.64735584  0.51803313  0.74564479  0.82364145]
[ 0.69422842  0.64735584  0.          0.16958234  0.21019754  0.30482472]
[ 0.58809149  0.51803313  0.16958234  0.          0.23493437  0.3226667 ]
[ 0.82051737  0.74564479  0.21019754  0.23493437  0.          0.09803922]
[ 0.90537292  0.82364145  0.30482472  0.3226667   0.09803922  0.        ]]
a = [1, 2, 3, 4]
a = (1, 2, 3, 4)
a = [1 2 3 4]
a = (1 2 3 4 )
a = (1 2 3 4 4)
a = 1, 2, 3, 4
d = matrix(
c(0.          0.13059471  0.69422842  0.58809149  0.82051737  0.90537292
0.13059471  0.          0.64735584  0.51803313  0.74564479  0.82364145
0.69422842  0.64735584  0.          0.16958234  0.21019754  0.30482472
0.58809149  0.51803313  0.16958234  0.          0.23493437  0.3226667
0.82051737  0.74564479  0.21019754  0.23493437  0.          0.09803922
0.90537292  0.82364145  0.30482472  0.3226667   0.09803922  0.        )
, nrow = 6, ncol = 6)
d = matrix(
c(0.          ,0.13059471  ,0.69422842  ,0.58809149  ,0.82051737  ,0.90537292,
0.13059471  ,0.          ,0.64735584  ,0.51803313  ,0.74564479  ,0.82364145
0.69422842  ,0.64735584  ,0.          ,0.16958234  ,0.21019754  ,0.30482472
0.58809149  ,0.51803313  ,0.16958234  ,0.          ,0.23493437  ,0.3226667
0.82051737  ,0.74564479  ,0.21019754  ,0.23493437  ,0.          ,0.09803922
0.90537292  ,0.82364145  ,0.30482472  ,0.3226667   ,0.09803922  ,0.        )
, nrow = 6, ncol = 6)
c(0.          ,0.13059471  ,0.69422842  ,0.58809149  ,0.82051737  ,0.90537292,    0.13059471  ,0.          ,0.64735584  ,0.51803313  ,0.74564479  ,0.82364145,    0.69422842  ,0.64735584  ,0.          ,0.16958234  ,0.21019754  ,0.30482472    0.58809149  ,0.51803313  ,0.16958234  ,0.          ,0.23493437  ,0.3226667,     0.82051737  ,0.74564479  ,0.21019754  ,0.23493437  ,0.          ,0.09803922,    0.90537292  ,0.82364145  ,0.30482472  ,0.3226667   ,0.09803922  ,0.        )
c(0.0          ,0.13059471  ,0.69422842  ,0.58809149  ,0.82051737  ,0.90537292,    0.13059471  ,0.0          ,0.64735584  ,0.51803313  ,0.74564479  ,0.82364145,    0.69422842  ,0.64735584  ,0.0          ,0.16958234  ,0.21019754  ,0.30482472    0.58809149  ,0.51803313  ,0.16958234  ,0.0          ,0.23493437  ,0.3226667,     0.82051737  ,0.74564479  ,0.21019754  ,0.23493437  ,0.0          ,0.09803922,    0.90537292  ,0.82364145  ,0.30482472  ,0.3226667   ,0.09803922  ,0.0        )
c(0.0          ,0.13059471  ,0.69422842  ,0.58809149  ,0.82051737  ,0.90537292,    0.13059471  ,0.0          ,0.64735584  ,0.51803313  ,0.74564479  ,0.82364145,    0.69422842  ,0.64735584  ,0.0          ,0.16958234  ,0.21019754  ,0.30482472    0.58809149  ,0.51803313  ,0.16958234  ,0.0          ,0.23493437  ,0.3226667,     0.82051737  ,0.74564479  ,0.21019754  ,0.23493437  ,0.0          ,0.09803922,    0.90537292  ,0.82364145  ,0.30482472  ,0.3226667   ,0.09803922  ,0.0        )
c(0.0 ,0.13059471  ,0.69422842  ,0.58809149  ,0.82051737  ,0.90537292, 0.13059471  ,0.0 ,0.64735584  ,0.51803313  ,0.74564479  ,0.82364145, 0.69422842  ,0.64735584  ,0.0 ,0.16958234  ,0.21019754  ,0.30482472, 0.58809149  ,0.51803313  ,0.16958234  ,0.0 ,0.23493437,0.3226667,0.82051737,0.74564479  ,0.21019754,0.23493437,0.0,0.09803922,0.90537292,0.8236414,0.30482472,0.3226667,0.09803922,0.0)
d = matrix(
c(0.0 ,0.13059471  ,0.69422842  ,0.58809149  ,0.82051737  ,0.90537292, 0.13059471  ,0.0 ,0.64735584  ,0.51803313  ,0.74564479  ,0.82364145, 0.69422842  ,0.64735584  ,0.0 ,0.16958234  ,0.21019754  ,0.30482472, 0.58809149  ,0.51803313  ,0.16958234  ,0.0 ,0.23493437,0.3226667,0.82051737,0.74564479  ,0.21019754,0.23493437,0.0,0.09803922,0.90537292,0.8236414,0.30482472,0.3226667,0.09803922,0.0)
, nrow = 6, ncol = 6)
d
cmdscale(d)
loc <- cmdscale(d)
x = loc[, 1]
y = loc[, 2]
plot(x, y)
text(x, y, rownames(loc))
text(x, y, rownames(loc), cex=.6)
rowname(loc)
rownames(loc)
text(x, y, c(0, 1, 2, 3, 4, 5), cex=.6)
text(x, y, c(0, 1, 2, 3, 4, 5), cex=.6)
plot.new
plot.new()
text(x, y, c(0, 1, 2, 3, 4, 5), cex=.6)
plot(x, y, type = 'n')
text(x, y, c(0, 1, 2, 3, 4, 5), cex=.6)
d = matrix(
c(0.0 ,0.13059471  ,0.69422842  ,0.58809149  ,0.82051737  ,0.90537292, 0.13059471  ,0.0 ,0.64735584  ,0.51803313  ,0.74564479  ,0.82364145, 0.69422842  ,0.64735584  ,0.0 ,0.16958234  ,0.21019754  ,0.30482472, 0.58809149  ,0.51803313  ,0.16958234  ,0.0 ,0.23493437,0.3226667,0.82051737,0.74564479  ,0.21019754,0.23493437,0.0,0.09803922,0.90537292,0.8236414,0.30482472,0.3226667,0.09803922,0.0)
, nrow = 6, ncol = 6)
loc <- cmdscale(d)
x = loc[, 1]
y = loc[, 2]
plot(x, y, type = 'n')
text(x, y, c(0, 1, 2, 3, 4, 5), cex=.6)
d = matrix(
c(0.0 ,0.13059471  ,0.69422842  ,0.58809149  ,0.82051737  ,0.90537292, 0.13059471  ,0.0 ,0.64735584  ,0.51803313  ,0.74564479  ,0.82364145, 0.69422842  ,0.64735584  ,0.0 ,0.16958234  ,0.21019754  ,0.30482472, 0.58809149  ,0.51803313  ,0.16958234  ,0.0 ,0.23493437,0.3226667,0.82051737,0.74564479  ,0.21019754,0.23493437,0.0,0.09803922,0.90537292,0.8236414,0.30482472,0.3226667,0.09803922,0.0)
, nrow = 6, ncol = 6)
loc <- cmdscale(d)
x = loc[, 1]
y = loc[, 2]
plot(x, y, type = 'n')
text(x, y, c(0, 1, 2, 3, 4, 5), cex=.6)
d = matrix(
c(0.0 ,0.13059471  ,0.69422842  ,0.58809149  ,0.82051737  ,0.90537292, 0.13059471  ,0.0 ,0.64735584  ,0.51803313  ,0.74564479  ,0.82364145, 0.69422842  ,0.64735584  ,0.0 ,0.16958234  ,0.21019754  ,0.30482472, 0.58809149  ,0.51803313  ,0.16958234  ,0.0 ,0.23493437,0.3226667,0.82051737,0.74564479  ,0.21019754,0.23493437,0.0,0.09803922,0.90537292,0.8236414,0.30482472,0.3226667,0.09803922,0.0)
, nrow = 6, ncol = 6)
loc <- cmdscale(d)
x = loc[, 1]
y = loc[, 2]
plot(x, y, type = 'n')
text(x, y, c(0, 1, 2, 3, 4, 5), cex=.6)
d = matrix(
c(0.0 ,0.13059471  ,0.69422842  ,0.58809149  ,0.82051737  ,0.90537292, 0.13059471  ,0.0 ,0.64735584  ,0.51803313  ,0.74564479  ,0.82364145, 0.69422842  ,0.64735584  ,0.0 ,0.16958234  ,0.21019754  ,0.30482472, 0.58809149  ,0.51803313  ,0.16958234  ,0.0 ,0.23493437,0.3226667,0.82051737,0.74564479  ,0.21019754,0.23493437,0.0,0.09803922,0.90537292,0.8236414,0.30482472,0.3226667,0.09803922,0.0)
, nrow = 6, ncol = 6)
loc <- cmdscale(d)
x = loc[, 1]
y = loc[, 2]
plot(x, y, type = 'n')
text(x, y, c(0, 1, 2, 3, 4, 5), cex=.6)
loc
text(x, y, c(0, 1, 2, 3, 4, 5), cex=.6)
d = matrix(
d = matrix(
c(0.0 ,0.13059471  ,0.69422842  ,0.58809149  ,0.82051737  ,0.90537292, 0.13059471  ,0.0 ,0.64735584  ,0.51803313  ,0.74564479  ,0.82364145, 0.69422842  ,0.64735584  ,0.0 ,0.16958234  ,0.21019754  ,0.30482472, 0.58809149  ,0.51803313  ,0.16958234  ,0.0 ,0.23493437,0.3226667,0.82051737,0.74564479  ,0.21019754,0.23493437,0.0,0.09803922,0.90537292,0.8236414,0.30482472,0.3226667,0.09803922,0.0)
, nrow = 6, ncol = 6)
loc <- cmdscale(d)
loc
x = loc[, 1]
y = loc[, 2]
plot(x, y, type = 'n')
text(x, y, c(0, 1, 2, 3, 4, 5), cex=.6)
d = matrix(
c(0.0 ,0.13059471  ,0.69422842  ,0.58809149  ,0.82051737  ,0.90537292, 0.13059471  ,0.0 ,0.64735584  ,0.51803313  ,0.74564479  ,0.82364145, 0.69422842  ,0.64735584  ,0.0 ,0.16958234  ,0.21019754  ,0.30482472, 0.58809149  ,0.51803313  ,0.16958234  ,0.0 ,0.23493437,0.3226667,0.82051737,0.74564479  ,0.21019754,0.23493437,0.0,0.09803922,0.90537292,0.8236414,0.30482472,0.3226667,0.09803922,0.0)
, nrow = 6, ncol = 6)
loc <- cmdscale(d)
loc
x = loc[, 1]
y = loc[, 2]
plot(x, y, type = 'n')
text(x, y, c(0, 1, 2, 3, 4, 5), cex=.6)
source('~/.active-rstudio-document')
source('~/.active-rstudio-document')
source('~/.active-rstudio-document')
setwd('D:/Users/Hsuan-Yu Lin/Documents/GitHub/similairty_measurement/Experiments/Experiment 1/src/Data')
readinteger <- function()
{
n <- readline(prompt="Enter participant ID: ")
return(as.integer(n))
}
read.table(sprintf('PairWise_%03d', pID), sep = '\t')
pID <- readinteger()
read.table(sprintf('PairWise_%03d', pID), sep = '\t')
read.table(sprintf('PairWise_%03d.dat', pID), sep = '\t')
dist_matrix <- as.matrix(read.table(sprintf('PairWise_%03d.dat', pID), sep = '\t'))
dist_matrix
dist_matrix[1, 11]
dist_matrix[,ncol(dist_matrix)] = NULL
dist_matrix <- dist_matrix[,-ncol(dist_matrix)]
dist_matrix
loc <- cmdscale(dist_matrix)
x = loc[, 1]
y = loc[, 2]
plot(x, y, type = 'n')
text(x, y, c(0, 1, 2, 3, 4, 5), cex=.6)
colnames(dist_matrix)
text(x, y, colnames(dist_matrix), cex=.6)
plot(x, y, type = 'n')
text(x, y, colnames(dist_matrix), cex=.6)
text(x, y, colnames(dist_matrix), cex=.6, col = 'red')
plot(x, y, type = 'n')
text(x, y, colnames(dist_matrix), cex=.6, col = 'red')
pair_dist_matrix <- as.matrix(read.table(sprintf('PairWise_%03d.dat', pID), sep = '\t'))
pair_dist_matrix <- pair_dist_matrix[,-ncol(dist_matrix)]
pair_loc <- cmdscale(pair_dist_matrix)
x = pair_loc[, 1]
y = pair_loc[, 2]
plot(x, y, type = 'n')
text(x, y, colnames(pair_dist_matrix), cex=.6, col = 'red')
multi_dist_matrix <- as.matrix(read.table(sprintf('MultiCompare_%03d.dat', pID), sep = '\t'))
multi_dist_matrix <- multi_dist_matrix[,-ncol(multi_dist_matrix)]
multi_loc <- cmdscale(multi_dist_matrix)
x = multi_loc[, 1]
y = multi_loc[, 2]
text(x, y, colnames(multi_dist_matrix), cex=.6, col = 'red')
text(x, y, colnames(multi_dist_matrix), cex=.6, col = 'black')
pair_loc <- cmdscale(pair_dist_matrix)
View(pair_dist_matrix)
pair_dist_matrix <- pair_dist_matrix[,-ncol(pair_dist_matrix)]
pair_loc <- cmdscale(pair_dist_matrix)
pair_dist_matrix <- as.matrix(read.table(sprintf('PairWise_%03d.dat', pID), sep = '\t'))
pair_dist_matrix <- pair_dist_matrix[,-ncol(pair_dist_matrix)]
pair_loc <- cmdscale(pair_dist_matrix)
x = pair_loc[, 1]
y = pair_loc[, 2]
plot(x, y, type = 'n')
text(x, y, colnames(pair_dist_matrix), cex=.6, col = 'red')
multi_dist_matrix <- as.matrix(read.table(sprintf('MultiCompare_%03d.dat', pID), sep = '\t'))
multi_dist_matrix <- multi_dist_matrix[,-ncol(multi_dist_matrix)]
multi_loc <- cmdscale(multi_dist_matrix)
x = multi_loc[, 1]
y = multi_loc[, 2]
text(x, y, colnames(multi_dist_matrix), cex=.6, col = 'black')
pair_dist_matrix <- as.matrix(read.table(sprintf('PairWise_%03d.dat', pID), sep = '\t'))
pair_dist_matrix <- pair_dist_matrix[,-ncol(pair_dist_matrix)]
pair_loc <- cmdscale(pair_dist_matrix)
pair.scale <- 1/(max(pair_loc)-min(pair_loc))
x = pair_loc[, 1] * pair.scale
y = pair_loc[, 2] * pair.scale
plot(x, y, type = 'n')
text(x, y, colnames(pair_dist_matrix), cex=.6, col = 'red')
multi_dist_matrix <- as.matrix(read.table(sprintf('MultiCompare_%03d.dat', pID), sep = '\t'))
multi_dist_matrix <- multi_dist_matrix[,-ncol(multi_dist_matrix)]
multi_loc <- cmdscale(multi_dist_matrix)
multi.scale <- 1/(max(multi_loc) - min(multi_loc))
x = multi_loc[, 1] * multi.scale
y = multi_loc[, 2] * multi.scale
text(x, y, colnames(multi_dist_matrix), cex=.6, col = 'black')
